-0.886888
-0.964297
-0.974568
-0.917056
-0.795806
-0.619278
-0.399758
-0.152505
0.105297
0.355738
0.581417
0.766647
0.898542
0.967908
0.969881
0.904264
0.775537
0.592555
0.367927
0.117150
-0.142469
-0.393006
-0.617161
-0.799457
-0.927312
-0.991904
-0.988790
-0.918204
-0.785049
-0.598553
-0.371629
-0.119987
0.138958
0.387292
0.607837
0.785346
0.907550
0.966018
0.956731
0.880362
0.742235
0.551949
0.322717
0.070451
-0.187338
-0.432758
-0.648766
-0.820354
-0.935587
-0.986427
-0.969293
-0.885305
-0.740211
-0.543986
-0.310145
-0.054806
0.204427
0.449677
0.664035
0.832730
0.944149
0.990641
0.969048
0.880920
0.732412
0.533853
0.299035
0.044254
-0.212814
-0.454338
-0.663568
-0.825993
-0.930344
-0.969378
-0.940373
-0.845325
-0.690802
-0.487494
-0.249473
0.006784
0.263531
0.502987
0.708560
0.866001
0.964387
0.996878
0.961192
0.859761
0.699563
0.491642
0.250339
-0.007694
-0.264654
-0.502812
-0.705743
-0.859462
-0.953393
-0.981097
-0.940722
-0.835128
-0.671689
-0.461782
-0.220001
0.036853
0.290939
0.524608
0.721624
0.868290
0.954397
0.973928
0.925476
0.812343
0.642310
0.427098
0.181560
-0.077348
-0.331744
-0.564052
-0.758222
-0.900838
-0.982049
-0.996249
-0.942467
-0.824430
-0.650310
-0.432155
-0.185058
0.073893
0.326791
0.556152
0.746127
0.883596
0.959078
0.967384
0.907979
0.785020
0.607061
0.386471
0.138569
-0.119433
-0.369620
-0.594616
-0.778789
-0.909328
-0.977135
-0.977452
-0.910190
-0.779940
-0.595650
-0.370010
-0.118571
0.141330
0.391766
0.615466
0.797008
0.923885
0.987370
0.983124
0.911489
0.777472
0.590390
0.363234
0.111760
-0.146592
-0.393914
-0.613063
-0.788850
-0.909094
-0.965459
-0.954038
-0.875618
-0.735627
-0.543761
-0.313309
-0.060237
0.197921
0.443275
0.658815
0.829591
0.943749
0.993347
0.974911
0.889670
0.743473
0.546387
0.311997
0.056468
-0.202575
-0.447265
-0.660730
-0.828260
-0.938328
-0.983380
-0.960367
-0.870948
-0.721380
-0.522080
-0.286909
-0.032207
0.224333
0.464895
0.672769
0.833509
0.935937
0.972909
0.941819
0.844770
0.688437
0.483601
0.244403
-0.012634
-0.269747
-0.509164
-0.714335
-0.871074
-0.968542
-1.000000
-0.963271
-0.860894
-0.699946
-0.491554
-0.250123
0.007657
0.263972
0.501112
0.702698
0.854816
0.946980
0.972856
0.930702
0.823488
0.658688
0.447766
0.205379
-0.051633
-0.305421
-0.538352
-0.734240
-0.879459
-0.963889
-0.981619
-0.931353
-0.816501
-0.644944
-0.428490
-0.182051
0.077378
0.331906
0.563978
0.757590
0.899397
0.979639
0.992812
0.938050
0.819188
0.644491
0.426087
0.179123
-0.079280
-0.331215
-0.559225
-0.747516
-0.883045
-0.956427
-0.962582
-0.901087
-0.776208
-0.596598
-0.374708
-0.125915
0.132535
0.382725
0.607304
0.790692
0.920154
0.986686
0.985633
0.917017
0.785533
0.600225
0.373857
0.122037
-0.137871
-0.387942
-0.610935
-0.791483
-0.917157
-0.979326
-0.973757
-0.900901
-0.765867
-0.578068
-0.350565
-0.099168
0.158663
0.405024
0.622807
0.796884
0.915157
0.969391
0.955788
0.875247
0.733304
0.539751
0.307952
0.053925
-0.204770
-0.450246
-0.665527
-0.835720
-0.949051
-0.997675
-0.978222
-0.892028
-0.745046
-0.547429
-0.312832
-0.057464
0.201030
0.444795
0.656999
0.822996
0.931343
0.974591
0.949798
0.858734
0.707758
0.507378
0.271525
0.016584
-0.239735
-0.479629
-0.686428
-0.845753
-0.946511
-0.981661
-0.948706
-0.849861
-0.691904
-0.485704
-0.245472
0.012224
0.269606
0.508915
0.713638
0.869657
0.966218
0.996680
0.958974
0.855745
0.694168
0.485452
0.244067
-0.013262
-0.268711
-0.504591
-0.704570
-0.854807
-0.944906
-0.968641
-0.924381
-0.815205
-0.648692
-0.436391
-0.193024
0.064531
0.318411
0.551005
0.746170
0.890352
0.973520
0.989867
0.938205
0.822051
0.649385
0.432095
0.185158
-0.074400
-0.328680
-0.560149
-0.752853
-0.893519
-0.972478
-0.984331
-0.928320
-0.808386
-0.632889
-0.414037
-0.167032
0.090973
0.342070
0.568831
0.755515
0.889157
0.960469
0.964479
0.900877
0.774036
0.592711
0.369433
0.119638
-0.139396
-0.389749
-0.614094
-0.796904
-0.925518
-0.991025
-0.988875
-0.919197
-0.786791
-0.600790
-0.374038
-0.122192
0.137358
0.386690
0.608595
0.787764
0.911848
0.972316
0.965039
0.890580
0.754154
0.565267
0.337056
0.085380
-0.172275
-0.418010
-0.634752
-0.807434
-0.924038
-0.976429
-0.960918
-0.878516
-0.734865
-0.539849
-0.306909
-0.052113
0.206954
0.452412
0.667315
0.836832
0.949269
0.996876
0.976390
0.889253
0.741519
0.543429
0.308707
0.053606
-0.204213
-0.446908
-0.657687
-0.821970
-0.928402
-0.969636
-0.942839
-0.849894
-0.697265
-0.495551
-0.258752
-0.003299
0.253080
0.492593
0.698610
0.856817
0.956206
0.989839
0.955325
0.854989
0.695711
0.488447
0.247476
-0.010594
-0.267968
-0.506903
-0.710928
-0.865990
-0.961424
-0.990688
-0.951822
-0.847577
-0.685226
-0.476064
-0.234621
0.022341
0.276989
0.511653
0.710050
0.858412
0.946437
0.968002
0.921589
0.810390
0.642083
0.428305
0.183845
-0.074383
-0.328503
-0.560924
-0.755546
-0.898887
-0.981005
-0.996193
-0.943372
-0.826166
-0.652650
-0.434794
-0.187631
0.071778
0.325530
0.556116
0.747633
0.886884
0.964293
0.974564
0.917052
0.795803
0.619275
0.399754
0.152502
-0.105301
-0.355742
-0.581421
-0.766651
-0.898546
-0.967911
-0.969884
-0.904267
-0.775540
-0.592558
-0.367930
-0.117152
0.142467
0.393004
0.617159
0.799455
0.927310
0.991903
0.988789
0.918204
0.785049
0.598552
0.371629
0.119988
-0.138958
-0.387291
-0.607837
-0.785344
-0.907549
-0.966017
-0.956729
-0.880361
-0.742233
-0.551947
-0.322715
-0.070449
0.187341
0.432761
0.648768
0.820357
0.935590
0.986430
0.969296
0.885308
0.740214
0.543989
0.310148
0.054809
-0.204424
-0.449674
-0.664032
-0.832727
-0.944146
-0.990639
-0.969045
-0.880918
-0.732410
-0.533851
-0.299033
-0.044252
0.212815
0.454339
0.663570
0.825994
0.930345
0.969378
0.940373
0.845325
0.690802
0.487494
0.249473
-0.006784
-0.263532
-0.502988
-0.708561
-0.866002
-0.964388
-0.996879
-0.961194
-0.859763
-0.699565
-0.491644
-0.250342
0.007692
0.264652
0.502810
0.705741
0.859460
0.953391
0.981095
0.940720
0.835126
0.671686
0.461779
0.219999
-0.036855
-0.290941
-0.524610
-0.721626
-0.868292
-0.954399
-0.973930
-0.925478
-0.812345
-0.642311
-0.427099
-0.181562
0.077347
0.331743
0.564052
0.758221
0.900837
0.982048
0.996249
0.942466
0.824430
0.650310
0.432156
0.185058
-0.073893
-0.326790
-0.556151
-0.746126
-0.883595
-0.959077
-0.967383
-0.907978
-0.785018
-0.607060
-0.386470
-0.138567
0.119434
0.369621
0.594618
0.778790
0.909330
0.977137
0.977453
0.910192
0.779942
0.595652
0.370012
0.118572
-0.141328
-0.391764
-0.615465
-0.797007
-0.923884
-0.987369
-0.983123
-0.911488
-0.777471
-0.590389
-0.363233
-0.111759
0.146593
0.393915
0.613063
0.788851
0.909094
0.965460
0.954038
0.875617
0.735627
0.543761
0.313309
0.060237
-0.197922
-0.443275
-0.658815
-0.829592
-0.943749
-0.993348
-0.974912
-0.889670
-0.743474
-0.546388
-0.311998
-0.056468
0.202574
0.447264
0.660729
0.828259
0.938327
0.983379
0.960366
0.870947
0.721379
0.522079
0.286908
0.032206
-0.224334
-0.464896
-0.672769
-0.833510
-0.935937
-0.972910
-0.941819
-0.844771
-0.688438
-0.483602
-0.244404
0.012633
0.269746
0.509164
0.714335
0.871074
0.968542
1.000000
0.963271
0.860894
0.699946
0.491554
0.250123
-0.007657
-0.263972
-0.501111
-0.702697
-0.854816
-0.946980
-0.972856
-0.930702
-0.823488
-0.658688
-0.447765
-0.205379
0.051634
0.305421
0.538353
0.734240
0.879459
0.963889
0.981620
0.931353
0.816501
0.644945
0.428490
0.182052
-0.077378
-0.331906
-0.563978
-0.757590
-0.899397
-0.979639
-0.992812
-0.938050
-0.819188
-0.644491
-0.426087
-0.179123
0.079280
0.331215
0.559225
0.747516
0.883045
0.956427
0.962582
0.901087
0.776208
0.596599
0.374708
0.125915
-0.132535
-0.382724
-0.607304
-0.790692
-0.920154
-0.986685
-0.985633
-0.917017
-0.785533
-0.600224
-0.373857
-0.122036
0.137871
0.387943
0.610936
0.791483
0.917157
0.979327
0.973757
0.900901
0.765868
0.578068
0.350566
0.099169
-0.158662
-0.405023
-0.622806
-0.796884
-0.915157
-0.969391
-0.955787
-0.875246
-0.733304
-0.539751
-0.307952
-0.053925
0.204770
0.450246
0.665527
0.835720
0.949051
0.997675
0.978222
0.892028
0.745046
0.547428
0.312831
0.057464
-0.201030
-0.444796
-0.656999
-0.822996
-0.931344
-0.974592
-0.949799
-0.858734
-0.707759
-0.507379
-0.271526
-0.016586
0.239734
0.479628
0.686427
0.845752
0.946509
0.981660
0.948705
0.849860
0.691903
0.485703
0.245471
-0.012225
-0.269607
-0.508915
-0.713639
-0.869658
-0.966219
-0.996681
-0.958975
-0.855745
-0.694168
-0.485453
-0.244068
0.013262
0.268711
0.504591
0.704570
0.854807
0.944907
0.968642
0.924381
0.815206
0.648693
0.436392
0.193025
-0.064530
-0.318410
-0.551003
-0.746169
-0.890350
-0.973519
-0.989866
-0.938203
-0.822049
-0.649383
-0.432094
-0.185156
0.074402
0.328682
0.560151
0.752854
0.893521
0.972480
0.984333
0.928322
0.808387
0.632891
0.414038
0.167034
-0.090971
-0.342069
-0.568830
-0.755513
-0.889156
-0.960468
-0.964478
-0.900876
-0.774035
-0.592711
-0.369432
-0.119637
0.139397
0.389749
0.614094
0.796903
0.925518
0.991024
0.988874
0.919197
0.786790
0.600789
0.374037
0.122191
-0.137359
-0.386692
-0.608597
-0.787766
-0.911850
-0.972318
-0.965041
-0.890582
-0.754157
-0.565270
-0.337058
-0.085383
0.172272
0.418008
0.634750
0.807432
0.924036
0.976427
0.960916
0.878513
0.734862
0.539847
0.306907
0.052111
-0.206956
-0.452414
-0.667317
-0.836834
-0.949270
-0.996877
-0.976391
-0.889254
-0.741519
-0.543430
-0.308707
-0.053607
0.204213
0.446909
0.657687
0.821971
0.928403
0.969637
0.942840
0.849896
0.697267
0.495553
0.258754
0.003302
-0.253078
-0.492591
-0.698608
-0.856814
-0.956203
-0.989836
-0.955322
-0.854986
-0.695708
-0.488444
-0.247472
0.010597
0.267972
0.506906
0.710931
0.865993
0.961427
0.990691
0.951825
0.847580
0.685229
0.476067
0.234623
-0.022338
-0.276986
-0.511651
-0.710048
-0.858411
-0.946436
-0.968001
-0.921588
-0.810389
-0.642083
-0.428305
-0.183845
0.074383
0.328503
0.560923
0.755545
0.898886
0.981004
0.996192
0.943371
0.826164
0.652648
0.434791
0.187628
-0.071781
-0.325533
-0.556120
-0.747637
