0.001077
0.000194
-0.000578
0.000530
-0.000339
-0.000804
-0.000153
-0.000085
0.000822
-0.000122
-0.001475
-0.000529
-0.001161
-0.001851
-0.001368
-0.001658
-0.001132
-0.002122
-0.003928
-0.003089
-0.003299
-0.003985
-0.003443
-0.003714
-0.003105
-0.003444
-0.004843
-0.003340
-0.002253
-0.002009
-0.000532
0.000164
0.001744
0.002931
0.002728
0.005288
0.007816
0.008897
0.010861
0.011854
0.013410
0.014872
0.014415
0.016157
0.018056
0.017887
0.018196
0.017474
0.017085
0.017051
0.014840
0.014313
0.014341
0.012051
0.010058
0.007261
0.004706
0.003020
-0.000937
-0.003811
-0.005741
-0.010042
-0.014161
-0.018706
-0.022990
-0.025774
-0.030538
-0.034530
-0.036767
-0.040716
-0.043986
-0.046655
-0.048471
-0.047717
-0.048075
-0.047647
-0.044517
-0.042269
-0.039046
-0.034645
-0.029509
-0.021752
-0.015192
-0.009005
-0.000528
0.006703
0.013892
0.021555
0.028690
0.037429
0.044287
0.049226
0.055742
0.060776
0.064978
0.069293
0.072350
0.076495
0.078839
0.078467
0.079409
0.079109
0.077450
0.075578
0.071702
0.068153
0.062757
0.053761
0.045503
0.036159
0.024995
0.013526
-0.000045
-0.013199
-0.026918
-0.043391
-0.057988
-0.071509
-0.085138
-0.097030
-0.108918
-0.118395
-0.125479
-0.133072
-0.137031
-0.137636
-0.137004
-0.133604
-0.129495
-0.122979
-0.113501
-0.104805
-0.093666
-0.079860
-0.066188
-0.051266
-0.037006
-0.022116
-0.005080
0.010165
0.026146
0.043968
0.060649
0.077582
0.093227
0.108358
0.125194
0.139577
0.152871
0.166661
0.177636
0.186809
0.192840
0.195743
0.198228
0.196243
0.190162
0.182388
0.170051
0.154394
0.135074
0.112084
0.089197
0.063406
0.034693
0.006625
-0.022754
-0.051978
-0.080539
-0.108863
-0.132924
-0.155236
-0.177044
-0.194758
-0.210277
-0.222975
-0.232445
-0.240294
-0.243083
-0.243052
-0.242751
-0.238725
-0.232473
-0.223875
-0.212150
-0.199397
-0.182323
-0.162119
-0.141931
-0.118235
-0.091826
-0.063090
-0.031113
0.001285
0.036556
0.074007
0.109381
0.145304
0.180997
0.214955
0.247724
0.275720
0.300472
0.322172
0.336308
0.345289
0.349447
0.347482
0.340904
0.327017
0.307740
0.285413
0.256598
0.224117
0.189864
0.152976
0.115679
0.075860
0.034952
-0.003719
-0.043542
-0.082792
-0.119475
-0.155225
-0.188319
-0.221033
-0.253125
-0.280848
-0.307427
-0.332146
-0.352583
-0.370370
-0.383580
-0.393657
-0.400774
-0.400340
-0.394783
-0.384250
-0.366108
-0.342255
-0.311335
-0.274824
-0.234505
-0.186596
-0.134040
-0.079238
-0.020756
0.038343
0.098055
0.156597
0.210714
0.263594
0.312849
0.355260
0.392632
0.422833
0.446537
0.463812
0.472075
0.475498
0.473883
0.464559
0.450357
0.430518
0.406204
0.378739
0.345406
0.309879
0.272782
0.230720
0.185994
0.138010
0.087301
0.035605
-0.020170
-0.077068
-0.133293
-0.192026
-0.250638
-0.308385
-0.364214
-0.414950
-0.462895
-0.505255
-0.538753
-0.566172
-0.585194
-0.594749
-0.594756
-0.582598
-0.561725
-0.531895
-0.490815
-0.442883
-0.388222
-0.327177
-0.261877
-0.191120
-0.119390
-0.048497
0.023818
0.093372
0.159572
0.222915
0.281590
0.337765
0.388538
0.432273
0.472802
0.507677
0.536600
0.561086
0.579466
0.594030
0.602589
0.602482
0.597447
0.585468
0.565241
0.538154
0.502121
0.459224
0.408412
0.346923
0.279353
0.205747
0.125632
0.042090
-0.045350
-0.133174
-0.219773
-0.306848
-0.388792
-0.463695
-0.532008
-0.590579
-0.640226
-0.678675
-0.704586
-0.721561
-0.726451
-0.718607
-0.701128
-0.673217
-0.637634
-0.594478
-0.543084
-0.488401
-0.428948
-0.363834
-0.296604
-0.226515
-0.155611
-0.083902
-0.009193
0.064407
0.138050
0.213741
0.288083
0.361561
0.432296
0.499246
0.564547
0.623540
0.675355
0.721544
0.757952
0.784117
0.798312
0.798972
0.789085
0.765350
0.727081
0.677870
0.615913
0.542766
0.459770
0.367430
0.271441
0.171493
0.067874
-0.034005
-0.134285
-0.231059
-0.322297
-0.408339
-0.484427
-0.551377
-0.611459
-0.661100
-0.701759
-0.733799
-0.756519
-0.772286
-0.778018
-0.774687
-0.766003
-0.748910
-0.724173
-0.692273
-0.651723
-0.604755
-0.548406
-0.482417
-0.410921
-0.331374
-0.244258
-0.151211
-0.051633
0.050568
0.155924
0.263761
0.367785
0.468205
0.563658
0.650864
0.729647
0.795599
0.848523
0.889311
0.912940
0.920751
0.914292
0.892596
0.858331
0.810114
0.749768
0.681730
0.603739
0.518473
0.429671
0.337269
0.244435
0.150147
0.054992
-0.036674
-0.127594
-0.217116
-0.302346
-0.384691
-0.462241
-0.536410
-0.607968
-0.672316
-0.731368
-0.784957
-0.829346
-0.865231
-0.890174
-0.904284
-0.908480
-0.897655
-0.872929
-0.835498
-0.782544
-0.716131
-0.636027
-0.543930
-0.443911
-0.333658
-0.216155
-0.096121
0.026631
0.148079
0.266413
0.379532
0.482404
0.577126
0.662397
0.734131
0.794038
0.840613
0.874162
0.895936
0.903243
0.900079
0.888301
0.865222
0.833645
0.793535
0.745468
0.691578
0.628928
0.560294
0.487798
0.407851
0.322196
0.230888
0.134010
0.034410
-0.070290
-0.177467
-0.283114
-0.389427
-0.493608
-0.593394
-0.687393
-0.770902
-0.844922
-0.907187
-0.952870
-0.984248
-1.000000
-0.998818
-0.981627
-0.946008
-0.895448
-0.831918
-0.753398
-0.664850
-0.568500
-0.465208
-0.358361
-0.247199
-0.135784
-0.027647
0.079544
0.182152
0.278483
0.369501
0.453280
0.532182
0.604565
0.667589
0.725014
0.775164
0.816575
0.850859
0.875974
0.893691
0.902663
0.898739
0.884924
0.860024
0.821850
0.772151
0.709207
0.635124
0.550642
0.452791
0.346244
0.233131
0.113378
-0.008754
-0.132517
-0.254136
-0.370129
-0.482260
-0.585544
-0.676638
-0.756285
-0.821421
-0.872785
-0.909339
-0.929275
-0.937101
-0.931484
-0.911159
-0.879820
-0.837217
-0.786009
-0.727491
-0.660319
-0.589425
-0.514602
-0.433748
-0.350106
-0.263082
-0.174150
-0.084330
0.009111
0.102351
0.194942
0.289474
0.382494
0.473531
0.560646
0.641202
0.717174
0.784254
0.839916
0.886169
0.919323
0.938389
0.942342
0.929035
0.902105
0.860009
0.801585
0.731550
0.649520
0.557045
0.456542
0.348228
0.238082
0.127411
0.015581
-0.092022
-0.194974
-0.292430
-0.382317
-0.465982
-0.539436
-0.602387
-0.658284
-0.704180
-0.740948
-0.769806
-0.789664
-0.803111
-0.807433
-0.801810
-0.790276
-0.770208
-0.741363
-0.704751
-0.658467
-0.604804
-0.541669
-0.467559
-0.387259
-0.299628
-0.204852
-0.105606
-0.001476
0.103446
0.208427
0.313855
0.413279
0.505728
0.590731
0.664975
0.728968
0.779359
0.815548
0.840151
0.849075
0.842967
0.824602
0.793347
0.752354
0.701148
0.640468
0.575366
0.503883
0.426975
0.348500
0.267988
0.188114
0.108200
0.027211
-0.050545
-0.127301
-0.203907
-0.277134
-0.348100
-0.414935
-0.478010
-0.539054
-0.593342
-0.641595
-0.684715
-0.718688
-0.743851
-0.758250
-0.761397
-0.755649
-0.736785
-0.705225
-0.663647
-0.609694
-0.545349
-0.471225
-0.388447
-0.302065
-0.210441
-0.114974
-0.020631
0.073199
0.163818
0.249632
0.330165
0.400687
0.463216
0.518714
0.563498
0.599552
0.626480
0.644214
0.654779
0.655194
0.648165
0.636690
0.617722
0.593113
0.563039
0.526963
0.487174
0.440546
0.388427
0.334126
0.274324
0.210068
0.142071
0.069819
-0.003379
-0.079408
-0.156940
-0.231033
-0.303600
-0.373148
-0.437491
-0.496550
-0.546209
-0.587576
-0.620558
-0.640509
-0.649851
-0.649088
-0.637234
-0.616241
-0.583963
-0.542949
-0.496222
-0.441050
-0.380954
-0.318498
-0.253432
-0.188526
-0.122124
-0.056033
0.006142
0.067593
0.126471
0.180724
0.231973
0.278519
0.322680
0.364267
0.399582
0.431893
0.460519
0.483064
0.501184
0.512978
0.519929
0.522267
0.515489
0.502148
0.482552
0.454274
0.419455
0.377022
0.328757
0.276763
0.217586
0.154480
0.090138
0.023376
-0.042545
-0.107478
-0.169563
-0.225535
-0.278637
-0.326594
-0.366356
-0.399936
-0.425440
-0.443799
-0.455343
-0.457745
-0.455420
-0.448387
-0.434171
-0.415769
-0.392563
-0.365831
-0.336992
-0.303410
-0.268834
-0.233952
-0.195428
-0.155624
-0.113997
-0.071119
-0.028754
0.016192
0.060801
0.103354
0.147168
0.189806
0.230782
0.269363
0.302756
0.333698
0.359870
0.378497
0.392870
0.401165
0.402771
0.398006
0.384579
0.366170
0.342661
0.311772
0.277801
0.240656
0.200373
0.158680
0.113912
0.070044
0.028352
-0.013954
-0.053206
-0.089282
-0.123103
-0.153225
-0.182117
-0.207124
-0.226807
-0.245155
-0.259859
-0.270754
-0.279499
-0.284594
-0.288536
-0.289385
-0.284772
-0.278764
-0.269696
-0.256621
-0.241266
-0.221838
-0.200634
-0.176722
-0.147323
-0.116867
-0.085073
-0.050963
-0.016948
0.018276
0.052163
0.084182
0.117187
0.146751
0.172133
0.194896
0.212899
0.227834
0.238133
0.242970
0.246263
0.244974
0.238371
0.229298
0.216551
0.202371
0.186260
0.166912
0.148633
0.129323
0.107524
0.086281
0.064425
0.043646
0.023663
0.002029
-0.017384
-0.035980
-0.056063
-0.074608
-0.092575
-0.108680
-0.122601
-0.137322
-0.149145
-0.158246
-0.167279
-0.173201
-0.176621
-0.176786
-0.172962
-0.168771
-0.161304
-0.149993
-0.138258
-0.123816
-0.107455
-0.089473
-0.069099
-0.050559
-0.031945
-0.011876
0.005913
0.023183
0.039535
0.054287
0.068928
0.079633
0.087918
0.096531
0.102169
0.106387
0.109504
0.110678
0.112088
0.110453
0.106575
0.104053
0.099794
0.094604
0.089078
0.081894
0.075462
0.066978
0.056267
0.047430
0.037726
0.027228
0.016931
0.005329
-0.004833
-0.015502
-0.027642
-0.036771
-0.045033
-0.053051
-0.059507
-0.066090
-0.070077
-0.072714
-0.076036
-0.075811
-0.073801
-0.071589
-0.067871
-0.064628
-0.059494
-0.053054
-0.048333
-0.041544
-0.033798
-0.027297
-0.020525
-0.015327
-0.009524
-0.002724
0.001515
0.006572
0.012295
0.016197
0.020040
0.022272
0.024711
0.028617
0.030000
0.031515
0.033877
0.034350
0.034722
0.033697
0.032509
0.033134
0.031370
0.029030
0.027724
0.024720
0.021790
0.018026
0.014050
0.012482
0.009217
0.005170
0.002773
-0.000574
-0.003300
-0.005996
-0.008825
-0.008797
-0.009774
-0.011885
-0.012117
-0.012880
-0.013009
-0.012823
-0.013296
-0.011232
-0.009957
-0.010558
-0.009546
-0.008941
-0.007999
-0.006686
-0.006643
-0.004555
-0.002918
-0.003641
-0.002940
-0.002333
-0.001563
-0.000258
-0.000622
0.000593
0.001885
0.000622
0.000615
0.000895
0.001181
0.002162
0.001228
0.001405
0.002293
0.000691
0.000182
0.000374
0.000453
0.001390
0.000349
-0.000037
0.000943
-0.000335
-0.000784
-0.000244
-0.000025
