0.006111
0.001092
-0.003285
0.003044
-0.001775
-0.004203
-0.000189
0.000654
0.006405
0.001796
-0.004980
0.001443
-0.000955
-0.003549
0.000625
0.000494
0.005038
0.000984
-0.007748
-0.001591
-0.001576
-0.004548
-0.000934
-0.002412
0.000510
-0.002643
-0.012605
-0.006966
-0.004619
-0.008026
-0.005410
-0.008169
-0.006792
-0.008413
-0.018553
-0.013469
-0.008823
-0.012427
-0.010817
-0.014291
-0.013898
-0.013151
-0.022224
-0.017574
-0.010643
-0.013961
-0.013008
-0.016300
-0.016075
-0.012207
-0.019077
-0.014784
-0.005747
-0.008276
-0.007537
-0.009773
-0.009037
-0.001762
-0.005777
-0.002085
0.008471
0.006954
0.007680
0.006952
0.008359
0.018534
0.017246
0.019579
0.030511
0.029736
0.030170
0.030729
0.032240
0.043915
0.044401
0.044145
0.053823
0.053034
0.052424
0.053398
0.053828
0.064949
0.065707
0.061485
0.068142
0.066385
0.063792
0.064000
0.061976
0.070383
0.069920
0.060760
0.063049
0.059654
0.054452
0.052954
0.047531
0.051665
0.049161
0.035094
0.032656
0.027742
0.020116
0.016764
0.007999
0.007503
0.003326
-0.014222
-0.020405
-0.025650
-0.034428
-0.038694
-0.049464
-0.053492
-0.057662
-0.075898
-0.083583
-0.087021
-0.094731
-0.098009
-0.108366
-0.113630
-0.115189
-0.130502
-0.136746
-0.135874
-0.139936
-0.139955
-0.147068
-0.150822
-0.147094
-0.156019
-0.158128
-0.150980
-0.149353
-0.144363
-0.145960
-0.146030
-0.135328
-0.135663
-0.132226
-0.118316
-0.110410
-0.100066
-0.095370
-0.091104
-0.073640
-0.065332
-0.056976
-0.037916
-0.025153
-0.011043
-0.001313
0.005916
0.027647
0.042205
0.052669
0.073182
0.087432
0.101900
0.113503
0.120495
0.142081
0.158528
0.166734
0.183684
0.194898
0.205323
0.214584
0.217243
0.233458
0.246684
0.248005
0.256436
0.260294
0.262640
0.265666
0.260421
0.266795
0.272552
0.263711
0.260337
0.254255
0.246331
0.241015
0.226291
0.220644
0.217067
0.197545
0.182067
0.166382
0.148929
0.135996
0.113192
0.096617
0.085106
0.057818
0.033458
0.011796
-0.011261
-0.028074
-0.054497
-0.077623
-0.092541
-0.121619
-0.148670
-0.170096
-0.192451
-0.207246
-0.230744
-0.253835
-0.265724
-0.289011
-0.311181
-0.325239
-0.339930
-0.346387
-0.360165
-0.376347
-0.378876
-0.389360
-0.399926
-0.400778
-0.402369
-0.395883
-0.395061
-0.399382
-0.388542
-0.382045
-0.377336
-0.362514
-0.349063
-0.328579
-0.312011
-0.303231
-0.279021
-0.255812
-0.236671
-0.208317
-0.182433
-0.151339
-0.122421
-0.103737
-0.070708
-0.035876
-0.007817
0.027432
0.058887
0.093229
0.127144
0.148774
0.182427
0.220082
0.248206
0.280782
0.308405
0.336503
0.366018
0.381874
0.406503
0.436855
0.455372
0.475444
0.490009
0.502982
0.519426
0.521794
0.529197
0.543790
0.545225
0.545718
0.541110
0.533546
0.531760
0.516633
0.502775
0.497526
0.479179
0.458217
0.433670
0.405670
0.385916
0.354741
0.321398
0.298132
0.263360
0.225297
0.186148
0.143838
0.112137
0.071938
0.026663
-0.007109
-0.049414
-0.094814
-0.138222
-0.184026
-0.217363
-0.255649
-0.301376
-0.334479
-0.372200
-0.412320
-0.447398
-0.484088
-0.507421
-0.532018
-0.565993
-0.586896
-0.608188
-0.631181
-0.646769
-0.663631
-0.667602
-0.669504
-0.682446
-0.682901
-0.679850
-0.678278
-0.668159
-0.659747
-0.640442
-0.616454
-0.604981
-0.582845
-0.554170
-0.527521
-0.492666
-0.460783
-0.421422
-0.375626
-0.343570
-0.303890
-0.255780
-0.211011
-0.159773
-0.113355
-0.063860
-0.006939
0.035492
0.081585
0.136883
0.187051
0.240983
0.288181
0.333735
0.387249
0.426332
0.464711
0.512224
0.552862
0.594257
0.627576
0.654985
0.690801
0.713407
0.731141
0.757507
0.775895
0.792443
0.800732
0.799984
0.808313
0.806023
0.795452
0.792980
0.782554
0.768670
0.747865
0.716450
0.695114
0.667088
0.628492
0.597673
0.560281
0.519069
0.473778
0.417917
0.373302
0.326931
0.268907
0.218558
0.164256
0.106933
0.049474
-0.017230
-0.071771
-0.122732
-0.185410
-0.240525
-0.296171
-0.353311
-0.406260
-0.466449
-0.514364
-0.553720
-0.604213
-0.647640
-0.688029
-0.728286
-0.760495
-0.797970
-0.824396
-0.838370
-0.862681
-0.881185
-0.893623
-0.904839
-0.905401
-0.909888
-0.906194
-0.887771
-0.878978
-0.866626
-0.846259
-0.824564
-0.791353
-0.761676
-0.728281
-0.679684
-0.640195
-0.600338
-0.551846
-0.503025
-0.443654
-0.388312
-0.334852
-0.267324
-0.208398
-0.152899
-0.089376
-0.027384
0.042708
0.107819
0.165106
0.234244
0.295636
0.349779
0.410496
0.467494
0.529333
0.585440
0.628407
0.680613
0.726714
0.762385
0.802888
0.837828
0.874345
0.905263
0.919264
0.940156
0.957682
0.962821
0.971285
0.973280
0.974309
0.971241
0.949644
0.933283
0.917450
0.888815
0.862579
0.830256
0.795579
0.759796
0.706224
0.657008
0.613067
0.557435
0.503906
0.445955
0.385468
0.328041
0.255614
0.187158
0.128953
0.061326
-0.004096
-0.071357
-0.140448
-0.201835
-0.274086
-0.342796
-0.396877
-0.457549
-0.515951
-0.573291
-0.631446
-0.677678
-0.730203
-0.780281
-0.812774
-0.849119
-0.883628
-0.914533
-0.945564
-0.961750
-0.980115
-0.998253
-0.997878
-0.999231
-1.000000
-0.995528
-0.991301
-0.971235
-0.950315
-0.932654
-0.897795
-0.863388
-0.830515
-0.791933
-0.754708
-0.702782
-0.648280
-0.601502
-0.540841
-0.480098
-0.423597
-0.362008
-0.303702
-0.233712
-0.160536
-0.099850
-0.029949
0.040228
0.103399
0.170327
0.231719
0.300540
0.372572
0.427953
0.487429
0.547572
0.598544
0.651774
0.697532
0.746073
0.797924
0.830486
0.862483
0.896222
0.919796
0.944488
0.960695
0.975480
0.994312
0.993421
0.988458
0.987251
0.976371
0.966170
0.947776
0.924798
0.907526
0.872555
0.831479
0.797002
0.754793
0.713571
0.665796
0.611574
0.565530
0.506022
0.439737
0.383258
0.322035
0.262600
0.199298
0.128861
0.069414
0.002259
-0.071465
-0.132526
-0.194951
-0.254759
-0.315259
-0.382816
-0.436939
-0.492463
-0.554128
-0.601403
-0.646995
-0.689623
-0.729935
-0.776978
-0.809255
-0.837084
-0.871031
-0.890605
-0.906378
-0.919706
-0.928427
-0.943762
-0.944666
-0.936546
-0.935308
-0.921722
-0.903448
-0.884225
-0.859137
-0.840982
-0.810609
-0.768355
-0.734549
-0.692247
-0.645532
-0.600132
-0.548642
-0.504779
-0.452589
-0.387397
-0.332648
-0.274491
-0.212952
-0.155277
-0.092039
-0.037178
0.020999
0.091930
0.150633
0.207292
0.266147
0.318929
0.376438
0.425223
0.471975
0.530441
0.575832
0.614302
0.654229
0.686788
0.723380
0.751740
0.773181
0.805103
0.824640
0.833718
0.844378
0.847652
0.854698
0.855102
0.844798
0.843992
0.833298
0.810376
0.790117
0.763761
0.741398
0.715062
0.675667
0.645191
0.609001
0.560583
0.516602
0.468814
0.425505
0.381662
0.323861
0.274663
0.225073
0.164640
0.110568
0.055413
0.005099
-0.042060
-0.102886
-0.155521
-0.202878
-0.258935
-0.307230
-0.354099
-0.396329
-0.432051
-0.480365
-0.521437
-0.552083
-0.589214
-0.618291
-0.644217
-0.666582
-0.679928
-0.704408
-0.723481
-0.728250
-0.737760
-0.740371
-0.739200
-0.736501
-0.723402
-0.719876
-0.713784
-0.691249
-0.672446
-0.649320
-0.622863
-0.597654
-0.561815
-0.533969
-0.507254
-0.463797
-0.423737
-0.382967
-0.340074
-0.301491
-0.252971
-0.210755
-0.173815
-0.121443
-0.072471
-0.026792
0.019570
0.058867
0.106852
0.150523
0.184884
0.232226
0.276293
0.313429
0.350137
0.377888
0.412917
0.446090
0.466603
0.497053
0.524933
0.543265
0.560818
0.568761
0.582690
0.597737
0.597903
0.604861
0.610806
0.606019
0.601033
0.587118
0.578104
0.573561
0.553280
0.536863
0.521850
0.496439
0.472210
0.440856
0.413423
0.393871
0.359075
0.325549
0.296446
0.258557
0.223640
0.184082
0.147326
0.121488
0.082031
0.041542
0.008627
-0.030652
-0.065292
-0.101965
-0.137353
-0.159607
-0.193044
-0.229667
-0.255969
-0.285968
-0.310302
-0.334445
-0.359395
-0.370135
-0.389161
-0.413495
-0.425651
-0.439097
-0.446852
-0.452915
-0.462431
-0.457941
-0.458643
-0.466776
-0.462079
-0.456853
-0.447019
-0.434804
-0.429015
-0.410608
-0.394258
-0.387368
-0.368289
-0.347553
-0.324236
-0.298506
-0.282092
-0.255350
-0.227546
-0.210932
-0.183924
-0.154724
-0.125520
-0.094209
-0.074525
-0.047316
-0.015953
0.003047
0.029787
0.058905
0.085397
0.113738
0.129162
0.149185
0.176404
0.190865
0.209924
0.231478
0.248207
0.266884
0.272665
0.280290
0.297996
0.303456
0.310245
0.319793
0.323105
0.328968
0.323319
0.317076
0.323440
0.318964
0.312705
0.309716
0.300026
0.293939
0.278892
0.261124
0.257850
0.245899
0.229390
0.216870
0.198081
0.184163
0.164614
0.140416
0.131672
0.116933
0.095299
0.078435
0.056419
0.040414
0.022391
-0.002140
-0.011411
-0.023732
-0.044805
-0.060462
-0.079770
-0.092405
-0.103636
-0.123244
-0.129022
-0.134874
-0.150819
-0.161025
-0.173299
-0.178975
-0.180387
-0.192010
-0.192379
-0.189977
-0.198445
-0.201296
-0.204786
-0.202601
-0.194055
-0.197345
-0.192840
-0.182934
-0.184047
-0.180153
-0.175759
-0.167397
-0.151361
-0.148307
-0.141416
-0.126745
-0.122561
-0.114423
-0.104975
-0.093836
-0.074380
-0.068276
-0.062360
-0.046565
-0.040034
-0.030947
-0.020035
-0.009970
0.008573
0.014409
0.016353
0.029932
0.036104
0.043200
0.052423
0.058322
0.072567
0.075877
0.072193
0.081436
0.085619
0.088979
0.094622
0.094821
0.103069
0.103219
0.094022
0.098406
0.100354
0.099715
0.101430
0.096142
0.098492
0.096417
0.083393
0.083787
0.084396
0.080736
0.079444
0.070266
0.068167
0.065791
0.051535
0.049571
0.050270
0.045194
0.042465
0.031664
0.027157
0.026572
0.013724
0.011036
0.013079
0.008137
0.005496
-0.004751
-0.009802
-0.007097
-0.016594
-0.018981
-0.015035
-0.018860
-0.020439
-0.028599
-0.033032
-0.026585
-0.031881
-0.033811
-0.028274
-0.030739
-0.031007
-0.036401
-0.039905
-0.030351
-0.031674
-0.033730
-0.027589
-0.029034
-0.028326
-0.030996
-0.033926
-0.022675
-0.020974
-0.024068
-0.018553
-0.019537
-0.018425
-0.018814
-0.021807
-0.010548
-0.006997
-0.011872
-0.007988
-0.008906
-0.007853
-0.006459
-0.010047
-0.000279
0.004163
-0.002704
-0.000907
-0.001764
-0.000926
0.001912
-0.002476
0.004788
0.009605
0.001188
0.001050
0.000621
0.001385
0.005490
0.000453
0.004736
0.009829
0.000809
-0.000688
-0.000168
0.000765
0.005985
0.000649
0.001884
0.007369
-0.001118
-0.003295
-0.001454
-0.000253
0.005771
0.000487
-0.001186
0.004779
-0.002186
-0.004560
-0.001408
-0.000142
