0.000000
0.111152
0.220929
0.327972
0.430958
0.528615
0.619738
0.703207
0.777997
0.843193
0.898000
0.941756
0.973935
0.994157
1.002190
0.997954
0.981519
0.953107
0.913084
0.861961
0.800379
0.729108
0.649033
0.561142
0.466518
0.366320
0.261771
0.154145
0.044748
-0.065097
-0.174062
-0.280836
-0.384135
-0.482720
-0.575410
-0.661097
-0.738758
-0.807466
-0.866403
-0.914865
-0.952275
-0.978187
-0.992291
-0.994415
-0.984534
-0.962760
-0.929350
-0.884698
-0.829332
-0.763908
-0.689203
-0.606108
-0.515613
-0.418800
-0.316830
-0.210927
-0.102368
0.007539
0.117460
0.226063
0.332025
0.434051
0.530892
0.621357
0.704329
0.778781
0.843788
0.898536
0.942338
0.974639
0.995024
1.003225
0.999126
0.982763
0.954322
0.914142
0.862710
0.800652
0.728727
0.647820
0.558928
0.463149
0.361666
0.255736
0.146669
0.035817
-0.075450
-0.185754
-0.293732
-0.398053
-0.497431
-0.590644
-0.676550
-0.754097
-0.822342
-0.880458
-0.927745
-0.963638
-0.987715
-0.999701
-0.999468
-0.987041
-0.962591
-0.926438
-0.879042
-0.821000
-0.753035
-0.675987
-0.590808
-0.498540
-0.400310
-0.297314
-0.190802
-0.082062
0.027593
0.136842
0.244373
0.348893
0.449152
0.543947
0.632145
0.712691
0.784621
0.847074
0.899303
0.940678
0.970703
0.989012
0.995381
0.989724
0.972102
0.942716
0.901907
0.850155
0.788070
0.716389
0.635962
0.547749
0.452807
0.352274
0.247361
0.139333
0.029500
-0.080806
-0.190240
-0.297467
-0.401171
-0.500080
-0.592973
-0.678702
-0.756203
-0.824513
-0.882776
-0.930263
-0.966373
-0.990648
-1.002775
-1.002591
-0.990088
-0.965411
-0.928855
-0.880868
-0.822037
-0.753088
-0.674871
-0.588355
-0.494611
-0.394801
-0.290162
-0.181989
-0.071623
0.039572
0.150222
0.258962
0.364454
0.465400
0.560564
0.648784
0.728985
0.800195
0.861554
0.912328
0.951912
0.979842
0.995797
0.999603
0.991235
0.970816
0.938615
0.895043
0.840646
0.776100
0.702203
0.619860
0.530077
0.433946
0.332633
0.227364
0.119408
0.010065
-0.099351
-0.207525
-0.313161
-0.414993
-0.511800
-0.602423
-0.685775
-0.760855
-0.826762
-0.882701
-0.927995
-0.962095
-0.984581
-0.995174
-0.993733
-0.980264
-0.954914
-0.917973
-0.869872
-0.811176
-0.742578
-0.664894
-0.579051
-0.486078
-0.387093
-0.283291
-0.175928
-0.066308
0.044233
0.154345
0.262679
0.367903
0.468722
0.563889
0.652227
0.732639
0.804123
0.865787
0.916859
0.956698
0.984801
1.000813
1.004526
0.995888
0.975001
0.942119
0.897648
0.842138
0.776276
0.700881
0.616887
0.525339
0.427371
0.324200
0.217103
0.107406
-0.003536
-0.114354
-0.223685
-0.330185
-0.432552
-0.529533
-0.619950
-0.702704
-0.776796
-0.841337
-0.895554
-0.938805
-0.970582
-0.990520
-0.998395
-0.994133
-0.977807
-0.949632
-0.909969
-0.859313
-0.798292
-0.727654
-0.648263
-0.561084
-0.467172
-0.367664
-0.263759
-0.156707
-0.047793
0.061673
0.170380
0.277024
0.380326
0.479048
0.572002
0.658073
0.736223
0.805509
0.865092
0.914246
0.952369
0.978991
0.993777
0.996532
0.987207
0.965896
0.932839
0.888419
0.833154
0.767698
0.692830
0.609443
0.518541
0.421219
0.318655
0.212094
0.102836
-0.007785
-0.118413
-0.227689
-0.334267
-0.436831
-0.534113
-0.624906
-0.708082
-0.782608
-0.847554
-0.902111
-0.945596
-0.977466
-0.997322
-1.004914
-1.000147
-0.983079
-0.953923
-0.913043
-0.860948
-0.798288
-0.725845
-0.644520
-0.555325
-0.459369
-0.357841
-0.251999
-0.143152
-0.032641
0.078172
0.187928
0.295283
0.398926
0.497595
0.590094
0.675305
0.752200
0.819860
0.877477
0.924370
0.959986
0.983915
0.995884
0.995768
0.983586
0.959503
0.923825
0.876995
0.819590
0.752311
0.675976
0.591508
0.499928
0.402337
0.299910
0.193875
0.085506
-0.023899
-0.133027
-0.240569
-0.345235
-0.445766
-0.540952
-0.629646
-0.710774
-0.783354
-0.846501
-0.899443
-0.941528
-0.972232
-0.991167
-0.998087
-0.992886
-0.975610
-0.946447
-0.905731
-0.853939
-0.791681
-0.719701
-0.638859
-0.550131
-0.454590
-0.353396
-0.247782
-0.139040
-0.028502
0.082474
0.192520
0.300278
0.404417
0.503646
0.596735
0.682529
0.759961
0.828070
0.886009
0.933058
0.968634
0.992295
1.003750
1.002861
0.989643
0.964266
0.927051
0.878468
0.819124
0.749764
0.671252
0.584568
0.490788
0.391075
0.286663
0.178840
0.068934
-0.041708
-0.151730
-0.259789
-0.364571
-0.464804
-0.559275
-0.646847
-0.726468
-0.797185
-0.858158
-0.908663
-0.948106
-0.976028
-0.992109
-0.996169
-0.988175
-0.968237
-0.936608
-0.893676
-0.839968
-0.776136
-0.702949
-0.621292
-0.532144
-0.436576
-0.335735
-0.230828
-0.123114
-0.013884
0.095553
0.203880
0.309797
0.412027
0.509336
0.600547
0.684552
0.760328
0.826950
0.883596
0.929567
0.964289
0.987320
0.998362
0.997260
0.984006
0.958740
0.921750
0.873467
0.814464
0.745444
0.667239
0.580792
0.487155
0.387468
0.282951
0.174885
0.064598
-0.046550
-0.157188
-0.265949
-0.371486
-0.472492
-0.567716
-0.655976
-0.736179
-0.807330
-0.868550
-0.919081
-0.958302
-0.985731
-1.001036
-1.004034
-0.994699
-0.973156
-0.939682
-0.894705
-0.838791
-0.772643
-0.697087
-0.613066
-0.521624
-0.423892
-0.321078
-0.214447
-0.105310
0.005000
0.115135
0.223755
0.329543
0.431218
0.527556
0.617397
0.699665
0.773378
0.837658
0.891744
0.934996
0.966907
0.987107
0.995364
0.991590
0.975839
0.948310
0.909338
0.859396
0.799085
0.729130
0.650370
0.563748
0.470301
0.371148
0.267477
0.160528
0.051585
-0.058043
-0.167039
-0.274089
-0.377899
-0.477213
-0.570824
-0.657593
-0.736458
-0.806450
-0.866707
-0.916478
-0.955141
-0.982205
-0.997321
-1.000283
-0.991033
-0.969664
-0.936418
-0.891683
-0.835990
-0.770006
-0.694529
-0.610475
-0.518869
-0.420832
-0.317566
-0.210342
-0.100482
0.010659
0.121707
0.231288
0.338045
0.440656
0.537852
0.628427
0.711264
0.785339
0.849739
0.903673
0.946481
0.977642
0.996784
1.003681
0.998261
0.980606
0.950950
0.909673
0.857300
0.794489
0.722026
0.640816
0.551865
0.456274
0.355219
0.249942
0.141731
0.031906
-0.078196
-0.187239
-0.293906
-0.396909
-0.495008
-0.587028
-0.671866
-0.748509
-0.816046
-0.873673
-0.920708
-0.956595
-0.980912
-0.993375
-0.993841
-0.982308
-0.958919
-0.923954
-0.877833
-0.821108
-0.754457
-0.678673
-0.594664
-0.503431
-0.406066
-0.303734
-0.197661
-0.089121
0.020581
0.130122
0.238178
0.343441
0.444632
0.540519
0.629927
0.711761
0.785011
0.848772
0.902247
0.944768
0.975794
0.994928
1.001913
0.996646
0.979172
0.949686
0.908535
0.856209
0.793339
0.720687
0.639141
0.549698
0.453457
0.351602
0.245391
0.136135
0.025184
-0.086089
-0.196305
-0.304102
-0.408145
-0.507149
-0.599890
-0.685226
-0.762107
-0.829589
-0.886848
-0.933187
-0.968049
-0.991016
-1.001823
-1.000352
-0.986641
-0.960875
-0.923389
-0.874663
-0.815309
-0.746072
-0.667813
-0.581501
-0.488201
-0.389058
-0.285286
-0.178152
-0.068957
0.040973
0.150309
0.257732
0.361949
0.461709
0.555816
0.643143
0.722650
0.793386
0.854509
0.905293
0.945133
0.973555
0.990222
0.994935
0.987637
0.968413
0.937492
0.895238
0.842153
0.778866
0.706131
0.624813
0.535883
0.440401
0.339513
0.234427
0.126408
0.016758
-0.093198
-0.202129
-0.308709
-0.411640
-0.509665
-0.601579
-0.686252
-0.762636
-0.829785
-0.886860
-0.933146
-0.968057
-0.991146
-1.002113
-1.000804
-0.987220
-0.961511
-0.923982
-0.875082
-0.815405
-0.745679
-0.666759
-0.579614
-0.485320
-0.385040
-0.280015
-0.171543
-0.060968
0.050342
0.161010
0.269667
0.374970
0.475621
0.570380
0.658083
0.737654
0.808123
0.868632
0.918450
0.956980
0.983764
0.998492
1.001003
0.991286
0.969480
0.935873
0.890894
0.835112
0.769224
0.694049
0.610514
0.519646
0.422558
0.320435
0.214518
0.106091
-0.003536
-0.113038
-0.221099
-0.326421
-0.427739
-0.523841
-0.613576
-0.695872
-0.769745
-0.834311
-0.888800
-0.932559
-0.965062
-0.985917
-0.994872
-0.991813
-0.976769
-0.949914
-0.911561
-0.862159
-0.802292
-0.732670
-0.654118
-0.567574
-0.474072
-0.374731
-0.270747
-0.163372
-0.053903
0.056333
0.165996
0.273749
0.378274
0.478290
0.572566
0.659938
0.739325
0.809739
0.870302
0.920254
0.958967
0.985947
1.000848
1.003471
0.993772
0.971858
0.937990
0.892579
0.836177
0.769479
0.693306
0.608599
0.516405
0.417866
0.314202
0.206698
0.096684
-0.014478
-0.125414
-0.234753
-0.341147
-0.443287
-0.539919
-0.629859
-0.712011
-0.785374
-0.849061
-0.902306
-0.944473
-0.975064
-0.993724
-1.000247
-0.994573
-0.976793
-0.947144
-0.906008
-0.853903
-0.791479
-0.719509
-0.638879
-0.550576
-0.455678
-0.355337
-0.250769
-0.143239
-0.034042
0.075506
0.184090
0.290407
0.393183
0.491185
0.583241
0.668247
0.745185
0.813133
0.871272
0.918904
0.955450
0.980467
0.993645
0.994816
0.983955
0.961179
0.926750
0.881066
0.824666
0.758214
0.682500
0.598426
0.506997
0.409311
0.306545
0.199940
0.090789
-0.019583
-0.129828
-0.238600
-0.344563
-0.446416
-0.542901
-0.632825
-0.715073
-0.788622
-0.852555
-0.906071
-0.948499
-0.979302
-0.998090
-1.004619
-0.998802
-0.980701
-0.950536
-0.908676
-0.855636
-0.792072
-0.718771
-0.636641
-0.546703
-0.450071
-0.347944
-0.241588
-0.132319
-0.021489
0.089533
0.199379
0.306698
0.410173
0.508537
0.600591
0.685215
0.761383
0.828179
0.884800
0.930574
0.964961
0.987562
0.998123
0.996535
0.982840
0.957223
0.920014
0.871682
0.812828
0.744176
0.666568
0.580951
0.488365
0.389931
0.286837
0.180326
0.071680
-0.037798
-0.146792
-0.253996
-0.358124
-0.457929
-0.552212
-0.639843
-0.719767
-0.791022
-0.852747
-0.904194
-0.944735
-0.973872
-0.991243
-0.996624
-0.989935
-0.971241
-0.940750
-0.898813
-0.845919
-0.782693
-0.709885
-0.628362
-0.539103
-0.443181
-0.341755
-0.236053
-0.127361
-0.017005
0.093667
0.203295
0.310534
0.414059
0.512593
0.604914
0.689878
0.766427
0.833607
0.890581
0.936635
0.971193
0.993819
1.004229
1.002290
0.988024
0.961605
0.923363
0.873771
0.813448
0.743144
0.663735
0.576207
0.481648
0.381232
0.276203
0.167862
0.057545
-0.053388
-0.163571
-0.271654
-0.376314
-0.476275
-0.570321
-0.657313
-0.736201
-0.806036
-0.865985
-0.915335
-0.953505
-0.980052
-0.994672
-0.997208
-0.987648
-0.966128
-0.932922
-0.888449
-0.833257
-0.768024
-0.693545
-0.610725
-0.520565
-0.424152
-0.322648
-0.217273
-0.109292
